0.406360 0.678100
0.740024 0.021714
0.010189 0.742363
0.018690 0.959379
0.147733 0.203388
0.537098 0.436150
0.973216 0.057475
0.909359 0.676973
0.877294 0.956678
0.371858 0.169457
0.381181 0.221678
0.777206 0.726645
0.095179 0.523114
0.028720 0.561751
0.601523 0.848348
0.190812 0.668134
0.755217 0.418480
0.035090 0.361202
0.801183 0.194702
0.760906 0.842396
0.265659 0.560112
0.066603 0.012302
0.462815 0.672999
0.857027 0.291067
0.541272 0.422761
0.999035 0.260572
0.347108 0.141432
0.426396 0.362501
0.135746 0.957095
0.676463 0.341252
0.618377 0.702459
0.932194 0.401690
0.069519 0.748989
0.663769 0.308101
0.715469 0.419202
0.097865 0.198535
0.647820 0.693242
0.907695 0.717841
0.061872 0.770531
0.713190 0.183064
0.706699 0.673310
0.208238 0.886433
0.051769 0.486097
0.990725 0.314068
0.824458 0.013547
0.461092 0.012607
0.253443 0.608962
0.476486 0.071308
0.564877 0.676636
0.800060 0.703797
0.021426 0.883485
0.768810 0.211464
0.068640 0.428850
0.018341 0.689634
0.958813 0.816124
0.549284 0.197964
0.559386 0.445802
0.897578 0.758155
0.921137 0.006800
0.679657 0.464867
0.580766 0.081346
0.323604 0.199894
0.503218 0.598496
0.368631 0.924941
0.030928 0.772279
0.317765 0.294992
0.200390 0.942728
0.662449 0.382099
0.310838 0.301502
0.362744 0.628499
0.685505 0.828560
0.763181 0.758360
0.152828 0.892297
0.651783 0.269019
0.893138 0.872806
0.928610 0.295461
0.945795 0.856377
0.140211 0.095849
0.852376 0.919094
0.957629 0.141315
0.623448 0.768363
0.528192 0.809778
0.459623 0.543420
0.515059 0.981440
0.432005 0.389349
0.553583 0.412693
0.632798 0.013881
0.799785 0.625531
0.143760 0.812199
0.223827 0.191155
0.538363 0.302213
0.310121 0.709326
0.532911 0.551251
0.865769 0.489097
0.832561 0.994816
0.710314 0.921930
0.180068 0.549071
0.122320 0.804801
0.108289 0.200901
0.052088 0.418734
0.921837 0.322911
0.274858 0.997315
0.988999 0.805427
0.855131 0.330110
0.511892 0.723541
0.520284 0.637456
0.561043 0.664489
0.800446 0.526023
0.309945 0.029097
0.081635 0.788568
0.085862 0.590793
0.040451 0.046719
0.065006 0.346611
0.281154 0.752181
0.183430 0.226901
0.379752 0.859641
0.109357 0.543872
0.954744 0.563729
0.928350 0.153877
0.830491 0.852746
0.529632 0.184281
0.836680 0.273493
0.550026 0.833011
0.296166 0.224355
0.131420 0.187350
0.793516 0.297911
0.678295 0.228261
0.387840 0.679712
0.263790 0.187509
0.036077 0.376417
0.325944 0.207081
0.626644 0.094400
0.820143 0.813864
0.688443 0.918971
0.049507 0.067286
0.536472 0.554768
0.981809 0.363583
0.342838 0.779428
0.979753 0.787607
0.380784 0.935532
0.520778 0.591538
0.479321 0.739906
0.663273 0.849603
0.547421 0.424702
0.727986 0.588892
0.879196 0.241311
0.906560 0.728570
0.835330 0.655987
0.283558 0.973260
0.411036 0.145169
0.064011 0.401124
0.147117 0.358849
0.635407 0.863111
0.818241 0.561926
0.461236 0.467093
0.341330 0.686341
0.702604 0.359073
0.387015 0.030879
0.895086 0.733387
0.248370 0.630908
0.969924 0.504784
0.623700 0.586875
0.401815 0.357505
0.103953 0.188285
0.289970 0.949959
0.320332 0.498952
0.734772 0.898318
0.904012 0.179669
0.959286 0.788319
0.637370 0.716075
0.243033 0.871811
0.434959 0.892302
0.884858 0.293041
0.082466 0.305118
0.092380 0.659408
0.983203 0.948639
0.907426 0.522389
0.514207 0.416247
0.020032 0.866569
0.977832 0.064246
0.597984 0.018180
0.549722 0.560868
0.064538 0.479289
0.070380 0.604582
0.093908 0.069736
0.005069 0.237294
0.962223 0.416170
0.405558 0.100837
0.791097 0.265989
0.247300 0.189284
0.151627 0.323721
0.086878 0.134959
0.958529 0.308384
0.587119 0.832606
0.577295 0.712531
0.091069 0.254053
0.591664 0.307245
0.091030 0.634795
0.734375 0.781988
0.135189 0.824278
0.071071 0.034257
0.441886 0.483251
0.645389 0.531186
0.250341 0.984433
0.442702 0.853714
0.726752 0.326827
0.710607 0.003687
0.065897 0.109350
0.386217 0.305205
0.280972 0.626086
0.623425 0.763787
0.058144 0.443286
0.187766 0.560375
0.967363 0.397359
0.792147 0.951941
0.267250 0.813447
0.283624 0.226433
0.519430 0.885772
0.959586 0.517015
0.236455 0.583806
0.191105 0.219055
0.827515 0.152399
0.961884 0.473006
0.177405 0.259375
0.893144 0.677339
0.296785 0.110690
0.817958 0.277893
0.615521 0.401089
0.992959 0.143472
0.655966 0.797344
0.590986 0.682286
0.019318 0.761444
0.205206 0.479759
0.845721 0.912764
0.713325 0.645502
0.167581 0.801065
0.000019 0.245679
0.865596 0.916269
0.716279 0.166759
0.258295 0.996347
0.466358 0.507613
0.708417 0.211201
0.556122 0.129112
0.013247 0.598327
0.711051 0.303915
0.761070 0.205106
0.977773 0.503808
0.282198 0.752951
0.359960 0.237964
0.300544 0.280120
0.607544 0.512711
0.900534 0.142875
0.977659 0.921870
0.964164 0.958737
0.716352 0.596450
0.804306 0.560985
0.472034 0.243479
0.322914 0.800102
0.844811 0.285947
0.656556 0.075757
0.800221 0.679343
0.936745 0.811992
0.731613 0.324984
0.488840 0.698644
0.542272 0.126298
0.520794 0.413638
0.236588 0.641468
0.111866 0.713624
0.158971 0.974320
0.101405 0.234549
0.199871 0.015038
0.299129 0.079087
0.000197 0.393308
0.290863 0.284485
0.428564 0.538681
0.997468 0.562188
0.380241 0.056448
0.059753 0.279748
0.252311 0.222019
0.068448 0.515855
0.286487 0.772823
0.635837 0.160932
0.339185 0.333902
0.314467 0.458584
0.537860 0.751918
0.408367 0.087306
0.713299 0.331981
0.793502 0.867186
0.459448 0.472675
0.966742 0.442966
0.165542 0.476921
0.676393 0.842645
0.389705 0.379761
0.652396 0.639937
0.498851 0.478886
0.150574 0.559238
0.586644 0.879703
0.252852 0.753350
0.299420 0.773978
0.124166 0.657076
0.349414 0.359538
0.716821 0.273885
0.175259 0.278276
0.734320 0.988221
0.421690 0.200653
0.019273 0.512603
0.653501 0.717130
0.913731 0.376537
0.993253 0.010446
0.555372 0.443353
0.177870 0.877361
0.519227 0.301430
0.866194 0.544488
0.692190 0.017886
0.897717 0.380042
0.776335 0.665634
0.602133 0.041827
0.357103 0.238849
0.190021 0.821495
0.043728 0.057194
0.716858 0.946096
0.791772 0.525802
0.105772 0.380170
0.151473 0.165815
0.238799 0.235083
0.850622 0.159431
0.182135 0.237071
0.816968 0.263719
0.197736 0.831411
0.472723 0.839092
0.311808 0.407359
0.892485 0.911171
0.860154 0.816997
0.205973 0.638862
0.610970 0.830822
0.448229 0.296843
0.777644 0.423934
0.912502 0.897241
0.477237 0.818842
0.944806 0.873143
0.964759 0.024461
0.034185 0.825667
0.279022 0.205524
0.999015 0.196702
0.772735 0.592669
0.047192 0.870995
0.367718 0.800649
0.496876 0.134140
0.275477 0.360610
0.984463 0.117103
0.354089 0.992101
0.057783 0.843295
0.234221 0.641456
0.155025 0.260777
0.840304 0.595421
0.103708 0.190056
0.957276 0.042365
0.439049 0.947028
0.048989 0.298152
0.037345 0.510957
0.621255 0.539717
0.787565 0.499011
0.040733 0.296628
0.283110 0.881700
0.870193 0.139373
0.805729 0.327681
0.461432 0.972865
0.194909 0.301741
0.758972 0.094605
0.548551 0.556360
0.010885 0.709199
0.084559 0.455127
0.357447 0.904368
0.908001 0.645367
0.074054 0.188351
0.874793 0.957702
0.581682 0.564558
0.220385 0.051857
0.206385 0.776549
0.130739 0.250879
0.068711 0.794922
0.972901 0.210046
0.414600 0.837380
0.473784 0.552093
0.161218 0.214264
0.738291 0.366953
0.424372 0.074023
0.631731 0.522130
0.318547 0.686616
0.716480 0.058836
0.376272 0.247519
0.629156 0.559459
0.520450 0.311026
0.512119 0.263467
0.641421 0.868737
0.871862 0.881739
0.479983 0.777611
0.026939 0.513408
0.698223 0.711685
0.129349 0.804649
0.731941 0.062543
0.595810 0.505440
0.261615 0.245833
0.669202 0.878206
0.913260 0.684621
0.745427 0.991303
0.106214 0.335094
0.047295 0.790719
0.801771 0.996082
0.204517 0.984904
0.274784 0.801131
0.307730 0.200540
0.929729 0.230305
0.044481 0.571146
0.613428 0.698628
0.596409 0.905759
0.838512 0.279073
0.079378 0.851543
0.824895 0.400201
0.442146 0.012025
0.290904 0.422048
0.904139 0.811765
0.481436 0.838595
0.209232 0.008609
0.007360 0.481098
0.199954 0.146276
0.688591 0.503823
0.475345 0.912903
0.742670 0.122165
0.185695 0.325225
0.341323 0.042907
0.338732 0.893491
0.769420 0.277293
0.344317 0.438735
0.163904 0.559872
0.908544 0.031951
0.084655 0.909502
0.803120 0.603759
0.974965 0.963657
0.482257 0.133549
0.906158 0.593150
0.996792 0.968651
0.869104 0.961595
0.164064 0.746975
0.274747 0.632441
0.492132 0.600610
0.256470 0.546108
0.928153 0.803287
0.828995 0.690735
0.103361 0.791154
0.951721 0.072301
0.380778 0.534205
0.068778 0.153321
0.676929 0.564780
0.753768 0.274078
0.725028 0.579923
0.674066 0.696303
0.174721 0.425968
0.207710 0.816459
0.682199 0.446594
0.695353 0.784257
0.934573 0.629680
0.490362 0.231746
0.373678 0.723637
0.682135 0.069321
0.236999 0.510519
0.610786 0.337194
0.417239 0.721031
0.065848 0.914365
0.557036 0.655693
0.367233 0.481850
0.741669 0.436740
0.363663 0.512903
0.130119 0.956951
0.751899 0.220199
0.873617 0.014450
0.019554 0.328402
0.710890 0.826639
0.744901 0.260301
0.700578 0.101737
0.949035 0.825645
0.653833 0.113041
0.688881 0.784046
0.963924 0.768857
0.103982 0.716801
0.694671 0.500148
0.685645 0.487201
0.985878 0.898300
0.623941 0.194867
0.061400 0.427027
0.706238 0.936906
0.384345 0.205253
0.390323 0.877121
0.793887 0.811936
0.355873 0.094261
0.779498 0.299153
0.049913 0.431265
0.400927 0.116339
0.485103 0.099677
0.746039 0.446465
0.824064 0.106896
0.233680 0.533993
0.088658 0.668636
0.515023 0.944853
0.670023 0.644967
0.204365 0.340237
0.183347 0.695517
0.179170 0.268892
0.610761 0.287899
0.729157 0.686672
0.606423 0.913156
0.405556 0.397487
0.299733 0.862993
0.024158 0.376355
0.925840 0.705778
0.909601 0.983146
0.136969 0.161803
0.133367 0.404689
0.903781 0.422972
0.194244 0.273269
0.502899 0.088125
0.317554 0.301151
0.204878 0.792358
0.308239 0.943606
0.926324 0.297255
0.682935 0.557022
0.290536 0.278602
0.627444 0.254044
0.252937 0.299181
0.178567 0.674265
0.690752 0.486445
0.913040 0.186874
0.130791 0.248353
0.341357 0.620724
0.094843 0.955384
0.150560 0.477700
0.379142 0.892698
0.417599 0.726781
0.952491 0.943680
0.923664 0.699141
0.057053 0.404530
0.739946 0.308641
0.526511 0.049338
0.326529 0.807487
0.298166 0.066015
0.488714 0.553396
0.588743 0.765717
0.668798 0.812460
0.228071 0.031843
0.216439 0.451028
0.200479 0.319433
0.476965 0.480241
0.530646 0.641770
0.764574 0.808496
0.268829 0.388198
0.546121 0.229919
0.479795 0.005673
0.451256 0.631083
0.820436 0.546263
0.045957 0.633512
0.502993 0.833798
0.659026 0.406138
0.183940 0.535121
0.934935 0.179726
0.593024 0.734825
0.201421 0.074382
0.522603 0.707118
0.186529 0.211601
0.134341 0.454438
0.097347 0.723936
0.408497 0.239631
0.581451 0.198200
0.960436 0.777035
0.632129 0.292216
0.379668 0.967479
0.069751 0.750504
0.708642 0.063243
0.834150 0.810859
0.671668 0.931204
0.956726 0.041662
0.788761 0.645892
0.745983 0.978840
0.564882 0.988904
0.416506 0.541759
0.531928 0.557103
0.118933 0.098927
0.039036 0.089243
0.087263 0.227245
0.336122 0.309153
0.409874 0.662630
0.676306 0.053328
0.751917 0.675203
0.874722 0.701763
0.209304 0.118820
0.004428 0.963078
0.358264 0.702593
0.684521 0.878473
0.479526 0.611138
0.721217 0.503767
0.882428 0.460633
0.699605 0.104759
0.231842 0.719391
0.491900 0.858376
0.789538 0.144483
0.547490 0.990542
0.521695 0.490059
0.260671 0.001430
0.095542 0.728372
0.673947 0.129755
0.890631 0.291086
0.267874 0.489954
0.284065 0.386341
0.612894 0.379619
0.634023 0.276107
0.214219 0.099233
0.582212 0.508745
0.967786 0.252282
0.523435 0.493267
0.263436 0.900997
0.349223 0.474673
0.920891 0.141484
0.862548 0.923789
0.824781 0.631724
0.581896 0.590456
0.336868 0.356894
0.005546 0.985446
0.306787 0.448686
0.790663 0.854393
0.777049 0.188789
0.716873 0.286093
0.283680 0.421414
0.750258 0.457879
0.990838 0.475719
0.001271 0.662420
0.765855 0.356230
0.878843 0.183069
0.700618 0.397817
0.282989 0.789075
0.515826 0.801507
0.249535 0.107248
0.746595 0.468421
0.063091 0.893318
0.601054 0.331306
0.488218 0.274061
0.907961 0.946646
0.433753 0.360362
0.625058 0.455050
0.061553 0.241754
0.966799 0.143575
0.078463 0.264553
0.328213 0.750900
0.709092 0.668582
0.831134 0.344723
0.637027 0.111553
0.499647 0.070472
0.023403 0.345554
0.783529 0.321431
0.564287 0.326673
0.391644 0.912564
0.432114 0.336648
0.171635 0.653839
0.861466 0.274525
0.077947 0.313547
0.085772 0.136679
0.107109 0.338105
0.309027 0.845129
0.447385 0.852069
0.405442 0.006948
0.989296 0.400517
0.079972 0.891656
0.774211 0.615747
0.293931 0.898854
0.920082 0.491161
0.862483 0.054941
0.056582 0.227471
0.264560 0.625611
0.326337 0.679798
0.870795 0.759942
0.564557 0.279015
0.991379 0.192223
0.356338 0.926605
0.373232 0.419277
0.289043 0.769578
0.034743 0.443887
0.866582 0.950439
0.616294 0.129028
0.233090 0.396934
0.746141 0.442973
0.065408 0.467283
0.273709 0.391931
0.736932 0.798831
0.606194 0.234727
0.129817 0.021517
0.799355 0.653142
0.278188 0.092308
0.499727 0.911877
0.361906 0.882692
0.312957 0.683712
0.438633 0.308582
0.681821 0.138273
0.701320 0.730438
0.897466 0.096936
0.978934 0.571149
0.438744 0.541734
0.660130 0.100188
0.437027 0.532739
0.212765 0.114785
0.697683 0.636255
0.996536 0.812350
0.374443 0.295235
0.121710 0.493066
0.089164 0.183719
0.693817 0.857604
0.017037 0.478643
0.902350 0.572092
0.216084 0.155291
0.060913 0.460966
0.269821 0.866688
0.886948 0.158063
0.133249 0.702634
0.021062 0.297279
0.924884 0.140669
0.029142 0.356351
0.291327 0.799100
0.904893 0.080793
0.885891 0.181329
0.396036 0.009747
0.449131 0.461076
0.314381 0.001483
0.956617 0.499694
0.358114 0.813516
0.308122 0.709609
0.874063 0.730764
0.072403 0.082042
0.418374 0.954935
0.873054 0.682499
0.935941 0.969259
0.103461 0.184142
0.872090 0.374959
0.792656 0.556981
0.554453 0.759279
0.608917 0.859937
0.738601 0.999672
0.184263 0.193190
0.297941 0.034664
0.170503 0.259813
0.656549 0.539191
0.696308 0.658536
0.713002 0.130652
0.184816 0.983623
0.683960 0.701656
0.812558 0.043152
0.508150 0.226420
0.243028 0.023611
0.194574 0.919991
0.652034 0.226588
0.773171 0.942963
0.476974 0.082399
0.311837 0.939064
0.768495 0.505883
0.800602 0.568967
0.500515 0.301187
0.571959 0.860931
0.703399 0.245186
0.325717 0.637319
0.825079 0.683338
0.757441 0.495789
0.296255 0.957078
0.251446 0.824930
0.878292 0.748478
0.092478 0.116323
0.006264 0.475754
0.174621 0.398514
0.004609 0.202291
0.241651 0.963083
0.749157 0.132218
0.279955 0.678983
0.076837 0.657159
0.803303 0.098559
0.003139 0.091648
0.418174 0.247109
0.597473 0.688788
0.239014 0.457603
0.187839 0.263085
0.434687 0.863126
0.418750 0.764002
0.430581 0.191862
0.570182 0.441612
0.065220 0.322902
0.460304 0.824844
0.305901 0.655868
0.201082 0.593165
0.964806 0.723365
0.053368 0.564137
0.225172 0.632448
0.636861 0.442143
0.686549 0.859815
0.790400 0.677681
0.068817 0.645116
0.449305 0.771971
0.676557 0.727799
0.009043 0.628221
0.218532 0.455085
0.778266 0.098763
0.601456 0.352186
0.289337 0.706350
0.872871 0.090576
0.430704 0.628264
0.574898 0.416116
0.593075 0.423513
0.388767 0.006064
0.280086 0.656194
0.099450 0.412463
0.924225 0.522252
0.590401 0.219134
0.970052 0.822185
0.790292 0.290487
0.639303 0.138858
0.236828 0.522578
0.176233 0.877441
0.197117 0.820308
0.786628 0.903584
0.089751 0.119420
0.930159 0.876291
0.290645 0.147879
0.103345 0.013573
0.272874 0.278500
0.759128 0.951785
0.430148 0.263105
0.549135 0.563669
0.864212 0.858287
0.645980 0.085495
0.878411 0.353762
0.505507 0.670242
0.912787 0.796575
0.062643 0.531673
0.180513 0.267877
0.019593 0.173214
0.321110 0.913709
0.581389 0.805920
0.972849 0.557227
0.721335 0.951416
0.284842 0.627015
0.817693 0.398528
0.038799 0.824605
0.292988 0.136453
0.231062 0.424073
0.708598 0.622649
0.677437 0.347516
0.619831 0.760218
0.446532 0.192498
0.380497 0.257447
0.701703 0.200959
0.000994 0.621216
0.837375 0.753887
0.110242 0.896389
0.632437 0.351948
0.049323 0.404861
0.511558 0.199577
0.133480 0.160826
0.904675 0.448430
0.159165 0.342890
0.125610 0.875890
0.304119 0.189038
0.152627 0.275258
0.670995 0.947061
0.186960 0.116495
0.858844 0.060873
0.889727 0.099870
0.111793 0.602290
0.753305 0.069570
0.790576 0.068161
0.150179 0.380339
0.140064 0.054368
0.220423 0.217402
0.584785 0.991040
0.908388 0.558439
0.074419 0.077443
0.139838 0.436084
0.322567 0.790365
0.342698 0.910394
0.134623 0.856393
0.257722 0.692981
0.404378 0.376351
0.259826 0.677959
0.774000 0.869269
0.216471 0.729590
0.398354 0.363592
0.246418 0.952491
0.732135 0.304949
0.610334 0.327486
0.767102 0.972646
0.364116 0.034671
0.686732 0.301171
0.336524 0.004981
0.476875 0.488305
0.454552 0.242524
0.633585 0.538093
0.433200 0.242174
0.743041 0.934728
0.370673 0.390401
0.373529 0.972537
0.845730 0.582028
0.415755 0.877592
0.700799 0.411581
0.735291 0.748080
0.812651 0.205153
0.759723 0.513409
0.801832 0.847134
0.413160 0.566139
0.812723 0.825928
0.631989 0.456169
0.208006 0.173723
0.548360 0.053215
0.264481 0.007635
0.311627 0.881472
0.731596 0.192987
0.433043 0.909445
0.419703 0.244257
0.485267 0.938291
0.821990 0.955160
0.965816 0.873620
0.142183 0.406589
0.142341 0.588537
0.999528 0.939596
0.737690 0.789833
0.513240 0.400332
0.383968 0.284571
0.430513 0.464840
0.877375 0.310900
0.455338 0.133810
0.399379 0.144827
0.959808 0.550908
0.034814 0.023718
0.815250 0.142979
0.113795 0.537701
0.167414 0.706441
0.131874 0.031721
0.598160 0.471383
0.261651 0.233852
0.265443 0.363373
0.759089 0.279575
0.294110 0.652703
0.889085 0.537087
0.901895 0.931776
0.347366 0.155290
0.488201 0.893565
0.539593 0.053983
0.187632 0.697550
0.493568 0.154877
0.195948 0.804267
0.626757 0.012382
0.512971 0.035591
0.068861 0.644743
0.615207 0.275064
0.747951 0.288951
0.970290 0.661115
0.988755 0.006936
0.236071 0.345684
0.942931 0.555928
0.449065 0.891783
0.773728 0.702441
0.500137 0.165728
0.151221 0.207235
0.719727 0.143279
0.279339 0.037649
0.450566 0.393601
0.372191 0.974105
0.072768 0.131015
0.224754 0.669169
0.064328 0.631642
0.281746 0.390371
0.329482 0.500602
0.398572 0.132151
0.208044 0.745102
0.309515 0.517592
0.290754 0.859745
0.670860 0.927242
0.408828 0.162627
0.430469 0.590154
0.940315 0.434231
0.190320 0.951378
0.881545 0.505908
0.174852 0.490518
0.968845 0.820652
0.395468 0.307520
0.503876 0.146147
0.610345 0.214755
0.435356 0.558526
0.718756 0.778531
0.680606 0.534995
0.300364 0.738538
0.632241 0.494474
0.112527 0.500324
0.288543 0.407626
0.492402 0.943743
0.470408 0.161104
0.775716 0.619447
0.143470 0.205601
0.040316 0.515805
0.950900 0.643256
0.710201 0.970264
0.680531 0.317166
0.814468 0.972010
0.539406 0.654284
0.985711 0.056880
0.789469 0.982660
0.603629 0.230847
0.510075 0.794994
0.842202 0.874973
0.996119 0.962672
0.762545 0.382606
0.575034 0.217941
0.008594 0.358685
0.431549 0.316620
0.109082 0.571357
0.366014 0.169694
0.866790 0.487738
0.280279 0.889386
0.824845 0.148478
0.584501 0.133765
0.339881 0.339909
0.648958 0.353688
0.363181 0.507884
0.886805 0.546832
0.633423 0.624050
0.046934 0.905825
0.618481 0.263114
0.820465 0.310925
0.208734 0.478786
0.920090 0.962466
0.860671 0.676431
0.378385 0.574226
0.617064 0.572053
0.929385 0.456128
0.188814 0.500096
0.987121 0.503143
0.073596 0.786645
0.915483 0.577004
0.507717 0.639963
0.995705 0.018307
0.900145 0.026901
0.740886 0.058803
0.281457 0.301561
0.981441 0.717166
0.215483 0.931717
0.450976 0.356248
0.567730 0.528816
0.439046 0.455802
0.502189 0.529018
0.445375 0.311890
0.086930 0.295562
0.669574 0.312659
0.928931 0.116852
0.601020 0.159906
0.329860 0.560014
0.935500 0.906819
0.557086 0.906271
0.538369 0.964519
0.957983 0.942339
0.198398 0.293488
0.810604 0.211140
0.472144 0.840713
0.000133 0.935496
0.005596 0.909345
0.838026 0.220044
0.338006 0.554885
0.599562 0.809497
0.342230 0.290418
0.645553 0.635441
0.136583 0.353104
0.315259 0.619242
0.515094 0.535138
0.130086 0.715219
0.686249 0.114620
0.231437 0.976090
0.384695 0.735220
0.391131 0.501819
0.226057 0.178292
0.379082 0.493315
0.511925 0.847043
0.950479 0.274066
0.560245 0.439579
0.223492 0.065611
0.035745 0.726173
0.758571 0.506884
0.685706 0.565758
0.221694 0.392797
0.348296 0.297693
0.116452 0.874034
0.093840 0.427027
0.703660 0.407883
0.883840 0.084986
0.892214 0.079038
0.188186 0.091137
0.581208 0.519642
0.587942 0.569638
0.660848 0.549453
0.509249 0.979232
0.638523 0.829866
0.883285 0.105115
0.646394 0.279630
0.707916 0.030521
0.408176 0.735432
0.198546 0.356862
0.595315 0.357143
0.458883 0.973471
0.886564 0.575365
0.376718 0.491492
0.959980 0.958015
0.755484 0.051159
0.592675 0.233034
0.529301 0.587716
0.021180 0.845923
0.277336 0.798435
0.724076 0.853641
0.152758 0.991662
0.828575 0.660518
0.772210 0.718571
0.414044 0.087171
0.573643 0.589258
0.087976 0.530032
0.643521 0.957039
0.343730 0.516936
0.038813 0.218317
0.374374 0.793312
0.184862 0.320066
0.213278 0.183897
0.017127 0.692992
0.299622 0.866456
0.152967 0.235649
0.825794 0.366896
0.529035 0.163249
0.513670 0.539191
0.620532 0.504659
0.788076 0.028972
0.570470 0.782022
0.668264 0.236157
0.300274 0.939704
0.082012 0.589907
0.947441 0.902700
0.722021 0.028257
0.781665 0.239407
0.010549 0.935155
0.087743 0.279605
0.215770 0.429213
0.371718 0.695748
0.272141 0.821333
0.646181 0.994119
0.397081 0.262510
0.481249 0.582139
0.167582 0.088392
0.969721 0.079112
0.322882 0.133858
0.748019 0.319871
0.193136 0.338664
0.738971 0.064330
0.319070 0.294347
0.338153 0.770605
0.523854 0.992914
0.352395 0.915400
0.426022 0.929440
0.117258 0.252553
0.141005 0.883565
0.869677 0.089105
0.708916 0.158967
0.632630 0.128015
0.607511 0.795248
0.580629 0.677586
0.561760 0.283272
0.097962 0.059914
0.745303 0.612837
0.516055 0.864136
0.384047 0.060675
0.821971 0.285001
0.718498 0.987122
0.466983 0.163225
0.258930 0.051395
0.772328 0.501373
0.276300 0.678278
0.328652 0.167427
0.511836 0.313103
0.216318 0.217973
0.159547 0.987285
0.835688 0.773900
0.278410 0.983249
0.629620 0.663713
0.924790 0.935457
0.004854 0.113075
0.460710 0.533332
0.314630 0.603889
0.689823 0.102234
0.851781 0.652213
0.700551 0.730250
0.419713 0.661546
0.554568 0.281392
0.198104 0.196476
0.248907 0.589917
0.300811 0.991427
0.701219 0.365838
0.635388 0.760189
0.860272 0.858267
0.416795 0.404195
0.427553 0.121127
0.962263 0.530921
0.090896 0.804828
0.199984 0.288560
0.617315 0.757879
0.661172 0.399076
0.629798 0.364014
0.593224 0.928974
0.401578 0.463230
0.231133 0.775608
0.541451 0.909284
0.194936 0.066551
0.014993 0.301495
0.442932 0.670561
0.549069 0.195341
0.203547 0.800875
0.100827 0.144181
0.833138 0.255055
0.737378 0.253506
0.602703 0.180336
0.968701 0.539523
0.003364 0.379390
0.303793 0.275440
0.278669 0.078666
0.558931 0.681680
0.541160 0.769925
0.236902 0.770367
0.011326 0.205325
0.117381 0.889763
0.628969 0.877386
0.051161 0.530945
0.530178 0.347390
0.834726 0.256850
0.657526 0.599252
0.956710 0.192953
0.076753 0.190610
0.954050 0.379132
0.410126 0.348888
0.093217 0.423947
0.164833 0.317275
0.100658 0.325357
0.634160 0.194073
0.706650 0.026030
0.479899 0.228569
0.838038 0.256733
0.066318 0.037582
0.397888 0.487916
0.109201 0.489044
0.703850 0.357427
0.227885 0.062473
0.822083 0.771416
0.543869 0.340889
0.229879 0.985834
0.556511 0.914747
0.467663 0.367525
0.144455 0.385638
0.699825 0.206772
0.690884 0.346025
0.393898 0.907257
0.011329 0.180984
0.648866 0.114741
0.974695 0.288905
0.055932 0.862379
0.451323 0.850341
0.358881 0.608427
0.496316 0.587651
0.596176 0.121215
0.482037 0.052828
0.853251 0.526589
0.230580 0.856877
0.230985 0.474657
0.065202 0.911314
0.145131 0.305489
0.099089 0.190873
0.611514 0.297558
0.010529 0.746190
0.743115 0.568033
0.015442 0.696242
0.287661 0.960653
0.741417 0.712530
0.668187 0.304759
0.231789 0.070484
0.654007 0.758159
0.363964 0.688274
0.485878 0.556847
0.553133 0.699209
0.006655 0.386228
0.730648 0.011123
0.107513 0.761297
0.235764 0.994615
0.589880 0.257393
0.440122 0.911768
0.364483 0.168431
0.636246 0.947893
0.761484 0.186167
0.964501 0.741138
0.609424 0.991881
0.927366 0.118219
0.655784 0.230957
0.345560 0.339300
0.848222 0.201217
0.447433 0.530989
0.973108 0.727441
0.151248 0.143687
0.156747 0.117368
0.499352 0.207947
0.774742 0.798577
0.633923 0.884295
0.386222 0.220994
0.665877 0.301867
0.412202 0.876377
0.281712 0.963514
0.411136 0.833969
0.957433 0.058446
0.969756 0.020635
0.204412 0.868246
0.423595 0.584127
0.358932 0.078060
0.849096 0.069732
0.045317 0.211966
0.028045 0.813424
0.591985 0.600048
0.375067 0.908698
0.360410 0.254385
0.140234 0.339686
0.158904 0.782167
0.551359 0.389677
0.656287 0.996367
0.944356 0.232083
0.984919 0.197882
0.345070 0.689950
0.528260 0.197762
0.412266 0.510489
0.225000 0.024156
0.129044 0.142682
0.590006 0.915802
0.138664 0.928899
0.051702 0.642374
0.160890 0.825534
0.136204 0.411730
0.496174 0.253036
0.490428 0.625079
0.227593 0.442313
0.729535 0.523304
0.364213 0.692324
0.618532 0.331167
0.834613 0.282801
0.153475 0.850840
0.935556 0.396366
0.694651 0.582189
0.568392 0.295931
0.422278 0.354451
0.354501 0.176106
0.034681 0.142441
0.511167 0.561460
0.789547 0.210136
0.190556 0.859805
0.700805 0.975465
0.836989 0.695299
0.946816 0.022368
0.001526 0.944005
0.319978 0.499644
0.967871 0.973645
0.853537 0.740859
0.489942 0.449633
0.598266 0.315540
0.918958 0.211094
0.889884 0.879130
0.006700 0.143399
0.347464 0.127621
0.711628 0.677870
0.273773 0.882561
0.405848 0.534648
0.090376 0.833045
0.983432 0.591329
0.933516 0.743579
0.504411 0.307813
0.561190 0.000157
0.173781 0.966912
0.277506 0.211620
0.651162 0.100641
0.667325 0.209346
0.914281 0.863675
0.552340 0.195547
0.158248 0.788337
0.729182 0.978925
0.502625 0.309583
0.730790 0.206161
0.599579 0.683779
0.064190 0.248695
0.588953 0.441695
0.121027 0.936474
0.229878 0.313970
0.231556 0.643835
0.453575 0.646418
0.138505 0.327389
0.028309 0.682884
0.504129 0.991788
0.504973 0.734979
0.931905 0.716449
0.120581 0.180849
0.383786 0.814796
0.876988 0.439264
0.804553 0.917321
0.583437 0.550636
0.226733 0.770727
0.254088 0.763194
0.622719 0.327643
0.885439 0.570403
0.295143 0.264880
0.303641 0.974780
0.652193 0.412931
0.467942 0.363660
0.801530 0.705386
0.344078 0.274027
0.514556 0.164157
0.220184 0.496398
0.762268 0.124895
0.127871 0.421835
0.204545 0.376697
0.852373 0.271543
0.726653 0.141186
0.868222 0.865049
0.359920 0.848271
0.420702 0.880901
0.697926 0.479361
0.888367 0.142827
0.225242 0.843554
0.508180 0.324735
0.812655 0.528279
0.522415 0.609472
0.000965 0.423103
0.815192 0.259142
0.594891 0.653894
0.146612 0.758889
0.519247 0.484257
0.163700 0.181376
0.851489 0.242133
0.469946 0.685820
0.437890 0.611673
0.168980 0.613285
0.525013 0.693998
0.462996 0.469018
0.393815 0.085146
0.082805 0.193010
0.070634 0.845524
0.553933 0.511508
0.807476 0.642373
0.561992 0.835104
0.173415 0.535261
0.970574 0.123103
0.279620 0.844319
0.366197 0.369226
0.872393 0.291937
0.357408 0.880319
0.771799 0.140840
0.238885 0.317569
0.407872 0.364955
0.046480 0.548855
0.012039 0.984213
0.475368 0.721183
0.358327 0.570375
0.611064 0.603792
0.817080 0.588243
0.931826 0.175332
0.883323 0.675051
0.581006 0.632655
0.272581 0.180588
0.479210 0.484063
0.138862 0.291565
0.448660 0.156520
0.962704 0.845970
0.155937 0.594126
0.181558 0.506627
0.344326 0.654295
0.690486 0.307920
0.523285 0.718412
0.928047 0.715581
0.010074 0.825348
0.380393 0.246721
0.977390 0.809063
0.986048 0.385695
0.950888 0.375636
0.104475 0.001197
0.021751 0.790401
0.423462 0.720868
0.892018 0.862481
0.423526 0.752012
0.754160 0.211848
0.791938 0.450428
0.921451 0.383166
0.484649 0.534128
0.071942 0.230983
0.971292 0.214671
0.946410 0.142493
0.566632 0.676083
0.349436 0.086889
0.651198 0.269791
0.342786 0.184465
0.014557 0.513747
0.591604 0.473961
0.516553 0.484873
0.926403 0.823250
0.755023 0.476206
0.317685 0.476317
0.452921 0.853584
0.625032 0.558580
0.833413 0.891435
0.678794 0.972967
0.338469 0.993240
0.480060 0.510738
0.664594 0.109414
0.563376 0.673917
0.238787 0.353887
0.856704 0.660302
0.938467 0.790342
0.694423 0.197336
0.071017 0.110069
0.991701 0.427786
0.371771 0.455618
0.972355 0.847961
0.053679 0.957916
0.257361 0.378349
0.747539 0.649216
0.567470 0.006894
0.508617 0.290244
0.770896 0.086713
0.933627 0.307146
0.515881 0.292941
0.831456 0.472278
0.227932 0.447462
0.821705 0.182635
0.822836 0.905653
0.696986 0.190699
0.089113 0.965867
0.378138 0.424681
0.327320 0.810224
0.815880 0.098637
0.498692 0.814397
0.248137 0.657656
0.831871 0.674407
0.809142 0.229286
0.564031 0.690076
0.604612 0.159600
0.251485 0.717597
0.016704 0.900788
0.874901 0.757832
0.183108 0.986859
0.785543 0.882240
0.306568 0.085049
0.391501 0.215007
0.694261 0.142735
0.366645 0.987729
0.200909 0.463133
0.080095 0.262174
0.055142 0.137799
0.890274 0.776934
0.885534 0.639905
0.925169 0.515426
0.130937 0.539520
0.979183 0.015533
0.919110 0.240565
0.197033 0.145280
0.928329 0.358871
0.286423 0.054289
0.708570 0.861734
0.103749 0.277370
0.432022 0.371564
0.590909 0.514440
0.067099 0.099757
0.206307 0.440073
0.525791 0.721576
0.189433 0.006347
0.421100 0.128867
0.225957 0.094221
0.689474 0.404616
0.339035 0.041571
0.482565 0.551864
0.122594 0.530074
0.413309 0.479192
0.753630 0.548519
0.453230 0.495990
0.573104 0.666686
0.521028 0.102939
0.408803 0.651826
0.076953 0.176618
0.228583 0.538839
0.843101 0.741854
0.158679 0.625627
0.106690 0.401449
0.379335 0.506689
0.931556 0.150100
0.918768 0.180871
0.002494 0.737843
0.906543 0.473294
0.757759 0.968041
0.418698 0.496841
0.926939 0.315962
0.649536 0.645161
0.584582 0.036152
0.778739 0.657030
0.354376 0.490367
0.567551 0.620988
0.454344 0.772468
0.414025 0.399530
0.860420 0.832735
0.324889 0.843743
0.983952 0.211231
0.020377 0.342094
0.908085 0.178345
0.178385 0.701243
0.408632 0.550380
0.645643 0.092021
0.696971 0.698992
0.296087 0.810392
0.065664 0.305557
0.100446 0.901026
0.391896 0.224988
0.886059 0.270218
0.759524 0.418263
0.212263 0.775251
0.297401 0.288901
0.764203 0.918894
0.699847 0.915845
0.676725 0.200571
0.794516 0.613694
0.240024 0.879868
0.953602 0.970949
0.510060 0.893346
0.106208 0.017912
0.449220 0.932283
0.602905 0.458111
0.356571 0.236787
0.207895 0.960589
0.512026 0.490825
0.049854 0.355134
0.155068 0.313085
0.449466 0.198504
0.146209 0.230168
0.159813 0.586902
0.918146 0.691461
0.705179 0.278476
0.613613 0.639168
0.184540 0.159304
0.628230 0.382287
0.117864 0.837328
0.129173 0.039960
0.656566 0.680912
0.504287 0.617450
0.753833 0.932186
0.111301 0.857115
0.696231 0.620062
0.143103 0.367094
0.734897 0.873771
0.902540 0.172017
0.422791 0.895022
0.289047 0.752917
0.663908 0.285337
0.839404 0.847610
0.410990 0.644863
0.236220 0.768163
0.410219 0.359912
0.800312 0.758681
0.384512 0.278735
0.116886 0.964478
0.571475 0.538499
0.610506 0.912821
0.587717 0.151157
0.580112 0.015769
0.178149 0.081892
0.932879 0.497234
0.527067 0.461022
0.614510 0.319252
0.457207 0.258765
0.523603 0.136544
0.023647 0.221937
0.518982 0.043805
0.721336 0.122690
0.981477 0.896752
0.768190 0.401575
0.275386 0.285823
0.700119 0.100733
0.369892 0.820513
0.820008 0.577693
0.827032 0.242697
0.879577 0.866302
0.340315 0.028869
0.741243 0.708461
0.016891 0.564101
0.666473 0.218883
0.636219 0.674616
0.307831 0.864773
0.189456 0.291220
0.443795 0.943331
0.106342 0.282443
0.988605 0.022187
0.710133 0.044094
0.833821 0.871374
0.606188 0.261016
0.633918 0.260150
0.906084 0.367221
0.735167 0.617977
0.416690 0.622139
0.065220 0.966171
0.182423 0.393585
0.950226 0.715235
0.058918 0.192181
0.506967 0.892593
0.317676 0.237254
0.469416 0.116438
0.633757 0.850900
0.052297 0.163619
0.192400 0.774717
0.728621 0.292974
0.065459 0.582821
0.603852 0.580251
0.454883 0.725109
0.406255 0.396718
0.877955 0.376345
0.981172 0.820804
0.877818 0.189479
0.576336 0.210579
0.382870 0.255722
0.136059 0.384633
0.409862 0.059260
0.283987 0.859836
0.408109 0.981058
0.667318 0.376757
0.175988 0.954103
0.859773 0.506942
0.945947 0.201502
0.076281 0.481004
0.930537 0.599212
0.539262 0.502445
0.349517 0.096787
0.454522 0.719363
0.716870 0.802368
0.204244 0.714673
0.956606 0.792257
0.545167 0.845181
0.737531 0.440758
0.311990 0.010858
0.269664 0.082557
0.369207 0.467862
0.688830 0.117807
0.328965 0.112333
0.070931 0.249128
0.858224 0.256737
0.063745 0.400135
0.235412 0.296479
0.101593 0.006675
0.184920 0.821751
0.177051 0.794819
0.917197 0.668064
0.183867 0.863759
0.732884 0.118616
0.916594 0.877099
0.511326 0.972639
0.914929 0.432657
0.896969 0.476107
0.474593 0.228696
0.021554 0.174635
0.311578 0.473676
0.155718 0.593142
0.562903 0.096895
0.770467 0.272839
0.034563 0.709046
0.107219 0.103300
0.866120 0.934543
0.504465 0.075880
0.071455 0.691564
0.409812 0.554449
0.736457 0.231134
0.218046 0.910401
0.006993 0.263149
0.819047 0.901121
0.384276 0.295114
0.013786 0.484560
0.259788 0.388450
0.762299 0.857307
0.068205 0.897587
0.564446 0.379525
0.914317 0.398674
0.142449 0.707316
0.038720 0.937555
0.993577 0.891615
0.027085 0.930793
0.312041 0.422360
0.239124 0.538871
0.241071 0.197746
0.535886 0.097272
0.409305 0.180523
0.017815 0.239042
0.230026 0.066833
0.151053 0.671488
0.497477 0.637765
0.355741 0.180051
0.401356 0.589810
0.857612 0.323990
0.198799 0.547618
0.362978 0.461342
0.432540 0.650921
0.907237 0.194760
0.764620 0.577240
0.048301 0.065144
0.206926 0.112942
0.428929 0.336625
0.772999 0.417464
0.615682 0.014264
0.349982 0.938981
0.037306 0.814982
0.895214 0.534522
0.791604 0.672532
0.898919 0.723529
0.067419 0.498990
0.422589 0.161073
0.937113 0.348028
0.922071 0.355397
0.315007 0.829386
0.495042 0.374224
0.948492 0.609276
0.154460 0.785211
0.411083 0.098081
0.222758 0.358165
0.200489 0.974533
0.965934 0.120121
0.209769 0.024689
0.142398 0.199104
0.035988 0.884346
0.228295 0.518368
0.818279 0.665153
0.699248 0.810140
0.556031 0.117535
0.897819 0.606375
0.147961 0.937618
0.696710 0.833737
0.714103 0.060743
0.379577 0.391023
0.115304 0.300703
0.904555 0.619456
0.968588 0.491730
0.989959 0.889750
0.871811 0.369347
0.267321 0.624595
0.997288 0.786544
0.083813 0.951150
0.691649 0.503356
0.404290 0.835406
0.227929 0.710747
0.662596 0.988715
0.395981 0.653837
0.342424 0.056530
0.188548 0.204837
0.529961 0.600381
0.442891 0.002658
0.673690 0.166315
0.931674 0.824035
0.311159 0.296534
0.061795 0.180086
0.578157 0.685672
0.036207 0.742576
0.902692 0.809129
0.061259 0.095781
0.404293 0.258126
0.940898 0.482677
0.168600 0.704587
0.189124 0.668278
0.747851 0.888719
0.613342 0.778331
0.949800 0.273111
0.173841 0.988127
0.220762 0.039409
0.808383 0.234086
0.702885 0.917097
0.825930 0.699846
0.351435 0.928647
0.419853 0.688954
0.334774 0.511277
0.828461 0.637840
0.307872 0.632762
0.679524 0.445629
0.049642 0.457264
0.095466 0.001438
0.385002 0.836822
0.207209 0.775143
0.274519 0.405150
0.827198 0.604225
0.447647 0.332630
0.165898 0.357143
0.979966 0.864809
0.641126 0.982788
0.770519 0.611508
0.025840 0.565918
0.962245 0.179570
0.407579 0.400077
0.966658 0.149521
0.691486 0.762363
0.903376 0.584913
0.668959 0.028496
0.945711 0.232802
0.995184 0.002001
0.275499 0.324839
0.771407 0.847910
0.093475 0.420636
0.811549 0.819255
0.405935 0.048577
0.087839 0.043710
0.114084 0.993954
0.296396 0.998099
0.269365 0.960282
0.961264 0.940093
0.226274 0.986897
0.004163 0.489257
0.823522 0.444378
0.247281 0.753721
0.655113 0.649106
0.887710 0.884103
0.954810 0.139207
0.584661 0.702900
0.610606 0.436390
0.434412 0.105422
0.350257 0.681634
0.772930 0.257458
0.194589 0.877435
0.442456 0.225182
0.862194 0.595272
0.885845 0.564454
0.927312 0.914206
0.191232 0.569474
0.182092 0.044976
0.999687 0.334892
0.835114 0.563699
0.009740 0.520788
0.889933 0.430263
0.665260 0.726587
0.290606 0.998697
0.496915 0.677761
0.195550 0.040325
0.502511 0.008345
0.046759 0.395194
0.897770 0.282572
0.938317 0.243272
0.546676 0.040604
0.156306 0.144129
0.389270 0.076125
0.661620 0.932279
0.224860 0.857707
0.717873 0.275109
0.279845 0.991194
0.828489 0.201285
0.091955 0.886949
0.640226 0.189748
0.376437 0.343667
0.494818 0.472900
0.704800 0.589560
0.866057 0.052302
0.023001 0.432056
0.006572 0.551177
0.263493 0.558784
0.746716 0.435249
0.564358 0.705431
0.537387 0.321911
0.898764 0.360202
0.509279 0.067463
0.239308 0.909925
0.532964 0.073109
0.734304 0.649467
0.007374 0.782652
0.756908 0.873980
0.378675 0.658300
0.102971 0.352587
0.197164 0.015701
0.059828 0.842471
0.856776 0.975335
0.545766 0.943942
0.029897 0.444588
0.028678 0.519890
0.209646 0.483329
0.472496 0.107161
0.702424 0.625525
0.131228 0.232713
0.875438 0.730415
0.613022 0.314035
0.457098 0.718982
0.270415 0.871145
0.212570 0.114948
0.638004 0.106614
0.372454 0.654240
0.335048 0.520363
0.779452 0.352833
0.578043 0.117649
0.836079 0.330151
0.207120 0.941439
0.985851 0.373619
0.920134 0.114530
0.641081 0.699739
0.229625 0.312085
0.182309 0.618022
0.510334 0.601878
0.897556 0.836308
0.388799 0.887384
0.504019 0.959539
0.641541 0.767951
0.200469 0.328715
0.714676 0.490654
0.035555 0.722792
0.955311 0.810013
0.745344 0.603463
0.653878 0.994621
0.112881 0.521279
0.036595 0.923836
0.333182 0.021265
0.418536 0.203025
0.829020 0.887171
0.830324 0.492466
0.455997 0.845742
0.565260 0.792849
0.059822 0.915823
0.258734 0.259441
0.904399 0.431909
0.308049 0.227306
0.576199 0.397648
0.668341 0.521592
0.588602 0.232104
0.319056 0.799745
0.059268 0.160014
0.985478 0.626594
0.514292 0.467016
0.021120 0.218638
0.084788 0.591819
0.709289 0.310424
0.104735 0.559471
0.625956 0.393798
0.393300 0.573404
0.121096 0.659878
0.310555 0.678630
0.421923 0.333983
0.012383 0.284448
0.339044 0.735308
0.198567 0.992255
0.065269 0.316051
0.047427 0.612519
0.096925 0.138727
0.961089 0.474705
0.878760 0.735814
0.207327 0.134924
0.376089 0.062450
0.537128 0.368302
0.411607 0.300747
0.381515 0.896520
0.269355 0.603417
0.286848 0.645749
0.764582 0.474718
0.834719 0.456135
0.705818 0.378363
0.410732 0.071232
0.434241 0.334879
0.835874 0.924274
0.915463 0.724977
0.054837 0.707874
0.680162 0.250895
0.787577 0.964738
0.762500 0.024227
0.293552 0.969196
0.669094 0.046646
0.172498 0.982836
0.326306 0.928991
0.431266 0.562244
0.899930 0.554575
0.883156 0.972840
0.358902 0.534151
0.314351 0.920027
0.663410 0.722824
0.751461 0.747329
0.497865 0.773319
0.594864 0.970941
0.540458 0.685333
0.344428 0.521090
0.363564 0.577339
0.137379 0.342810
0.193062 0.455033
0.342476 0.072235
0.919658 0.579721
0.010347 0.349231
0.951603 0.150314
0.066710 0.953168
0.725731 0.404172
0.753410 0.355847
0.952530 0.914911
0.971599 0.474093
0.960994 0.819378
0.862041 0.374235
0.830308 0.941362
0.169452 0.431684
0.347943 0.296184
0.680953 0.981036
0.217523 0.258203
0.303100 0.805601
0.354892 0.752336
0.147661 0.910010
0.557061 0.191056
0.333187 0.895489
0.306280 0.519950
0.077605 0.914652
0.980269 0.657748
0.056484 0.621126
0.279657 0.820840
0.932253 0.749036
0.255001 0.707654
0.421624 0.958380
0.918265 0.284885
0.261569 0.364538
0.057453 0.965374
0.958669 0.733616
0.538107 0.296583
0.262281 0.670102
0.071695 0.888942
0.888911 0.249226
0.158421 0.204940
0.143322 0.453696
0.670814 0.002699
0.731323 0.462926
0.334460 0.681864
0.239880 0.312614
0.183557 0.514989
0.472048 0.693487
0.921484 0.764211
0.067445 0.690293
0.000399 0.980844
0.613356 0.075543
0.148876 0.364642
0.757262 0.367287
0.022930 0.919806
0.668454 0.236147
0.633275 0.286449
0.564606 0.004064
0.210471 0.549043
0.918565 0.915719
0.209654 0.027504
0.391274 0.583268
0.227827 0.041917
0.498691 0.506051
0.709225 0.908484
0.513701 0.849129
0.448077 0.972164
0.128440 0.728015
0.063092 0.310539
0.958120 0.091644
0.814320 0.853830
0.054354 0.921648
0.360559 0.057546
0.214148 0.873212
0.314267 0.937138
0.020123 0.671246
0.740991 0.228115
0.228232 0.545368
0.071596 0.670421
0.331101 0.738144
0.248137 0.932499
0.868338 0.653266
0.307975 0.488293
0.329526 0.523830
0.025827 0.839563
0.301304 0.575589
0.679657 0.836214
0.846852 0.536050
0.483943 0.488977
0.974251 0.997508
0.742552 0.591590
0.449602 0.580554
0.313572 0.673771
0.141475 0.064387
0.549686 0.291582
0.545138 0.651154
0.480245 0.428432
0.128210 0.313853
0.634955 0.827771
0.663774 0.740734
0.574175 0.407677
0.772675 0.733915
0.887066 0.517838
0.483611 0.045881
0.146396 0.691079
0.737813 0.544766
0.067598 0.714411
0.414524 0.287787
0.909700 0.298678
0.634124 0.551946
0.977054 0.361244
0.807701 0.122073
0.933303 0.952759
0.145003 0.168506
0.522851 0.156876
0.107128 0.860211
0.210114 0.870934
0.595985 0.453831
0.193112 0.235924
0.509444 0.975168
0.225543 0.625695
0.659304 0.766790
0.690204 0.528186
0.948560 0.113968
0.406735 0.355588
0.135177 0.880854
0.727896 0.205677
0.471452 0.589787
0.581143 0.863168
0.001211 0.658851
0.246077 0.877790
0.321539 0.576275
0.823345 0.384889
0.171346 0.635003
0.546899 0.444705
0.296045 0.476728
0.319013 0.068087
0.655738 0.101912
0.106296 0.769237
0.193749 0.190797
0.124940 0.440215
0.062985 0.550141
0.064749 0.577241
0.419543 0.251364
0.954030 0.405474
0.636115 0.558059
0.651221 0.246765
0.062194 0.054257
0.364155 0.554015
0.263717 0.479588
0.044169 0.396086
0.011708 0.653453
0.979791 0.818850
0.157652 0.527528
0.423529 0.430787
0.932730 0.844435
0.625335 0.765645
0.138729 0.100103
0.217589 0.460050
0.160346 0.508344
0.499009 0.050532
0.721754 0.448389
0.798655 0.242288
0.834739 0.439594
0.766263 0.831118
0.441370 0.032278
0.131411 0.070305
0.841062 0.129602
0.201572 0.165828
0.110086 0.162642
0.127888 0.756125
0.370967 0.229292
0.757548 0.686754
0.949895 0.777337
0.712938 0.125637
0.172176 0.663027
0.190259 0.081151
0.788907 0.448721
0.854127 0.683238
0.802512 0.616618
0.119670 0.166747
0.764375 0.970336
0.059954 0.356605
0.454790 0.872088
0.154109 0.596025
0.223551 0.120400
0.100289 0.481765
0.168975 0.211820
0.957670 0.474621
0.763754 0.449782
0.952961 0.438616
0.498016 0.864762
0.389446 0.429009
0.603068 0.192104
0.230372 0.597059
0.943762 0.217347
0.093515 0.908612
0.723072 0.643638
0.590074 0.483891
0.729359 0.261772
0.168567 0.757520
0.475016 0.610634
0.883182 0.330619
0.724547 0.504298
0.796100 0.340940
0.590835 0.771758
0.044569 0.412350
0.590251 0.306240
0.956073 0.761566
0.790420 0.053287
0.978707 0.837919
0.458883 0.880272
0.608923 0.950997
0.426548 0.364708
0.945093 0.701396
0.716749 0.414743
0.972873 0.671383
0.858876 0.292396
0.197153 0.755152
0.704981 0.048626
0.775403 0.712437
0.498403 0.599006
0.878523 0.014610
0.405386 0.669775
0.607829 0.818980
0.713816 0.626261
0.430634 0.954873
0.427634 0.759145
0.761861 0.134173
0.041116 0.948762
0.015484 0.209348
0.864175 0.753616
0.177070 0.193589
0.387933 0.876501
0.707521 0.930552
0.829305 0.650108
0.378158 0.755282
0.173935 0.653725
0.458530 0.223244
0.748776 0.823603
0.530947 0.001019
0.598752 0.451799
0.089444 0.310032
0.716368 0.281770
0.995983 0.893813
0.478789 0.503741
0.812969 0.339628
0.483815 0.828817
0.008665 0.726927
0.344371 0.978065
0.040948 0.997893
0.900506 0.861246
0.364809 0.149504
0.738600 0.439611
0.480352 0.331837
0.869356 0.768163
0.240550 0.203976
0.909344 0.994995
0.771815 0.446723
0.135262 0.158795
0.525488 0.160405
0.335756 0.470357
0.174619 0.986441
0.472539 0.389871
0.297985 0.182921
0.780733 0.219043
0.052031 0.557296
0.087754 0.115526
0.321519 0.113405
0.810729 0.406897
0.160899 0.505376
0.304362 0.832389
0.691002 0.907582
0.974307 0.872800
0.999418 0.707654
0.845538 0.642494
0.007965 0.508668
0.080861 0.912126
0.716963 0.286976
0.281632 0.706694
0.713524 0.193740
0.270900 0.580770
0.339912 0.411097
0.458631 0.111211
0.458022 0.677974
0.819298 0.367395
0.317339 0.585918
0.974060 0.120000
0.636266 0.511923
0.862928 0.331565
0.640512 0.103079
0.016693 0.035561
0.467253 0.556965
0.494080 0.055411
0.040081 0.552070
0.136522 0.140879
0.247297 0.574112
0.911061 0.006496
0.014872 0.557008
0.761356 0.445124
0.655471 0.211301
0.567399 0.159529
0.696194 0.148247
0.526472 0.205787
0.240250 0.924348
0.511047 0.974578
0.801555 0.428960
0.733724 0.449899
0.466284 0.616716
0.354995 0.079459
0.181712 0.446872
0.506510 0.966990
0.950193 0.033241
0.570698 0.253932
0.714940 0.431284
0.457012 0.496443
0.764292 0.192990
0.045723 0.563378
0.552441 0.805545
0.932106 0.081905
0.937158 0.396392
0.097028 0.739604
0.968794 0.635134
0.154356 0.815406
0.529940 0.591814
0.381270 0.156442
0.321351 0.421511
0.824489 0.443843
0.917322 0.136718
0.393554 0.997782
0.872488 0.401885
0.001771 0.560485
0.152035 0.238576
0.496030 0.465714
0.478621 0.765051
0.328676 0.354159
0.541846 0.610683
0.667741 0.126423
0.399878 0.443474
0.916267 0.138768
0.817904 0.128038
0.417132 0.741493
0.734353 0.391755
0.456677 0.135804
0.523371 0.518436
0.548617 0.182286
0.230837 0.511638
0.379123 0.232501
0.501226 0.373935
0.724629 0.275044
0.483930 0.633728
0.115835 0.688294
0.610169 0.017856
0.014535 0.674369
0.765449 0.216057
0.794316 0.012246
0.047508 0.012466
0.871842 0.112747
0.996035 0.669677
0.922342 0.484072
0.907953 0.342503
0.231093 0.623758
0.610856 0.471408
0.882104 0.041458
0.857220 0.559702
0.665856 0.586642
0.323328 0.473926
0.299897 0.506287
0.049338 0.423473
0.799215 0.689872
0.040754 0.073324
0.607769 0.372462
0.666589 0.822892
0.408177 0.161382
0.435776 0.144320
0.363527 0.627970
0.710962 0.015160
0.913382 0.863125
0.927565 0.903255
0.145516 0.333835
0.926048 0.465683
0.195546 0.097596
0.076640 0.109046
0.088565 0.932629
0.978265 0.824930
0.930022 0.223991
0.647239 0.262244
0.377524 0.509196
0.276338 0.827238
0.880902 0.431654
0.841120 0.712358
0.264778 0.476234
0.057919 0.146691
0.846056 0.268468
0.456736 0.833600
0.428160 0.407405
0.622272 0.495268
0.194513 0.771842
0.977654 0.679205
0.735660 0.990622
0.837919 0.498378
0.187603 0.299960
0.844150 0.774483
0.733341 0.324166
0.304152 0.132967
0.525250 0.410939
0.411875 0.958766
0.422871 0.028302
0.795328 0.763339
0.808835 0.387556
0.351495 0.436393
0.145061 0.895033
0.866839 0.059849
0.862027 0.255204
0.493224 0.446898
0.635843 0.048664
0.751677 0.335630
0.100994 0.390722
0.370143 0.214563
0.571066 0.839825
0.926486 0.086500
0.395395 0.069769
0.964218 0.087478
0.166535 0.945603
0.976025 0.769217
0.111564 0.550392
0.408924 0.026269
0.649692 0.398454
0.634925 0.103228
0.279288 0.540435
0.652375 0.852664
0.669346 0.516539
0.135673 0.431080
0.073594 0.146471
0.334876 0.918029
0.302030 0.786313
0.106376 0.955395
0.112052 0.823430
0.953643 0.011695
0.566655 0.961557
0.677921 0.022717
0.355585 0.156968
0.487635 0.545125
0.340675 0.911385
0.617371 0.126629
0.034149 0.136930
0.123571 0.017743
0.112109 0.776029
0.608121 0.725168
0.871915 0.920186
0.435297 0.358255
0.238488 0.781901
0.594438 0.845965
0.652066 0.765629
0.478895 0.008977
0.928771 0.056494
0.501189 0.160075
0.975353 0.599597
0.645017 0.375664
0.060777 0.078115
0.766619 0.832236
0.199872 0.514951
0.701209 0.633860
0.088025 0.420601
0.004580 0.370210
0.940957 0.988962
0.465649 0.239402
0.539911 0.703169
0.362632 0.945870
0.760102 0.855170
0.803702 0.740746
0.869100 0.905564
0.392396 0.910679
0.921811 0.314363
0.888691 0.740766
0.650061 0.458662
0.498600 0.478226
0.347287 0.519833
0.918298 0.105691
0.382643 0.770674
0.283188 0.796467
0.143874 0.522078
0.728002 0.768817
0.404593 0.099123
0.350931 0.882337
0.339134 0.608084
0.992951 0.726677
0.666938 0.928731
0.392919 0.141381
0.698496 0.320362
0.959683 0.075301
0.376116 0.265392
0.614359 0.445062
0.755363 0.690894
0.899100 0.184236
0.756784 0.506374
0.823078 0.988406
0.432583 0.475128
0.722099 0.355980
0.439189 0.796907
0.745135 0.400638
0.884208 0.421202
0.449273 0.568482
0.225029 0.033324
0.383954 0.831463
0.436421 0.859538
0.476072 0.148369
0.235687 0.922895
0.489380 0.985648
0.756564 0.147959
0.824856 0.472551
0.696765 0.760527
0.453064 0.328572
0.629155 0.757504
0.825220 0.045873
0.862815 0.832472
0.196591 0.935382
0.967799 0.034075
0.914014 0.552446
0.836168 0.607208
0.868740 0.706427
0.941925 0.921088
0.496460 0.728341
0.283784 0.123648
0.418306 0.921617
0.347213 0.178279
0.059766 0.153285
0.306006 0.236827
0.358867 0.356371
0.598661 0.881814
0.980658 0.309017
0.961147 0.631237
0.291922 0.431798
0.975163 0.240880
0.718219 0.501965
0.199798 0.761946
0.004786 0.121783
0.994527 0.015883
0.333449 0.497900
0.212779 0.133678
0.209671 0.589622
0.047834 0.073440
0.526960 0.966219
0.446626 0.577997
0.240341 0.776865
0.672030 0.863295
0.636197 0.081514
0.790528 0.438755
0.272753 0.417032
0.089680 0.852342
0.283601 0.880091
0.688614 0.825962
0.886097 0.196841
0.894777 0.200879
0.617123 0.219079
0.181509 0.348229
0.030625 0.037620
0.013507 0.216280
0.334481 0.435807
0.131048 0.983953
0.718700 0.719557
0.318895 0.369225
0.932586 0.055087
0.132066 0.001376
0.005442 0.321430
0.528218 0.907642
0.873524 0.142064
0.865167 0.087705
0.075403 0.198494
0.262104 0.353529
0.608518 0.148297
0.894379 0.097425
0.501660 0.471169
0.394219 0.417805
0.651256 0.348714
0.163598 0.079969
0.993744 0.247181
0.070447 0.118339
0.142017 0.217115
0.695736 0.496911
0.200797 0.049829
0.026474 0.136335
0.593975 0.337858
0.248461 0.788816
0.386382 0.175015
0.082674 0.696204
0.763101 0.701402
0.930459 0.701930
0.041338 0.949709
0.945218 0.504096
0.833076 0.481353
0.032111 0.034843
0.751088 0.114492
0.692288 0.530241
0.356604 0.640674
0.574483 0.715297
0.883813 0.802847
0.574330 0.670260
0.644541 0.964713
0.330557 0.367288
0.915891 0.839839
0.007237 0.570597
0.544249 0.368710
0.322593 0.778618
0.461016 0.332857
0.887360 0.153231
0.798572 0.577428
0.049525 0.929054
0.319385 0.777055
0.607278 0.624823
0.426855 0.524576
0.948320 0.489260
0.113391 0.148171
0.401207 0.005461
0.819391 0.069680
0.843177 0.950633
0.326188 0.705357
0.898978 0.462148
0.486721 0.880042
0.386492 0.796234
0.809571 0.476692
0.017465 0.982194
0.655190 0.575470
0.745492 0.372937
0.077556 0.650033
0.568391 0.171672
0.150151 0.483411
0.038436 0.374979
0.952069 0.341847
0.211412 0.214093
0.258243 0.602155
0.274299 0.099044
0.377160 0.466701
0.631373 0.274449
0.510140 0.619762
0.799843 0.881058
0.468132 0.680048
0.068666 0.883791
0.575169 0.086378
0.507971 0.374837
0.112012 0.616975
0.581567 0.089490
0.709221 0.087581
0.311289 0.582753
0.685747 0.899566
0.669490 0.406340
0.447351 0.016423
0.634766 0.798561
0.708552 0.635536
0.136036 0.853663
0.482463 0.291820
0.931406 0.872571
0.494802 0.380799
0.320760 0.613565
0.921517 0.120956
0.474835 0.459279
0.123886 0.788610
0.078558 0.095505
0.360624 0.653342
0.932715 0.157659
0.293412 0.417958
0.135580 0.442331
0.470472 0.124193
0.474881 0.704235
0.872190 0.423850
0.700572 0.762937
0.033464 0.834788
0.420116 0.629116
0.219386 0.102151
0.460562 0.626707
0.623988 0.067454
0.675471 0.035129
0.586256 0.511630
0.339785 0.604886
0.373217 0.282842
0.472027 0.410222
0.166867 0.645877
0.650760 0.894049
0.509851 0.197141
0.151013 0.633289
0.614210 0.877739
0.516430 0.306816
0.618207 0.586901
0.004188 0.583565
0.088116 0.648929
0.692256 0.164973
0.805059 0.919106
0.422381 0.013759
0.151373 0.627483
0.167188 0.880157
0.216637 0.154160
0.856115 0.597077
0.080457 0.805693
0.172407 0.257250
0.597190 0.319444
0.342199 0.308286
0.407284 0.261198
0.476754 0.805655
0.830522 0.701094
0.600214 0.548980
0.758380 0.553868
0.097745 0.593596
0.655906 0.751670
0.952783 0.677214
0.307885 0.981160
0.807076 0.430611
0.999779 0.061349
0.573548 0.851632
0.410795 0.164579
0.059538 0.413375
0.614631 0.990323
0.816740 0.350290
0.232847 0.689912
0.224233 0.120038
0.966483 0.810042
0.632267 0.774282
0.443448 0.773902
0.247003 0.988202
0.562377 0.450964
0.320216 0.796369
0.288069 0.179987
0.122982 0.661722
0.159267 0.204467
0.128680 0.364733
0.606489 0.855798
0.808172 0.341462
0.545728 0.976583
0.448809 0.522033
0.613321 0.015044
0.448953 0.425187
0.837887 0.941201
0.611002 0.249909
0.507198 0.636449
0.058427 0.971723
0.480978 0.690411
0.536136 0.999103
0.225051 0.602409
0.018509 0.774565
0.397936 0.229625
0.745743 0.815328
0.907868 0.950000
0.036674 0.080065
0.976427 0.415146
0.485049 0.221076
0.894344 0.957021
0.436251 0.235378
0.835724 0.681843
0.962759 0.263484
0.308841 0.035708
0.909189 0.801310
0.564837 0.158573
0.961522 0.388452
0.560039 0.656784
0.110189 0.915222
0.873304 0.519018
0.322958 0.051132
0.316708 0.776501
0.721110 0.939162
0.846039 0.165598
0.061176 0.222976
0.776998 0.489327
0.864563 0.678357
0.243660 0.594099
0.108663 0.205479
0.297652 0.878939
0.995588 0.705248
0.039693 0.036690
0.948477 0.410782
0.699543 0.290170
0.650327 0.574204
0.636052 0.730970
0.636630 0.019287
0.815961 0.494580
0.680598 0.962074
0.448218 0.412721
0.968579 0.674447
0.100032 0.472291
0.853279 0.019750
0.801511 0.879995
0.793724 0.624876
0.357690 0.782758
0.943400 0.469874
0.329863 0.726222
0.731828 0.973949
0.922607 0.747113
0.699858 0.235858
0.318500 0.589972
0.795251 0.947034
0.839480 0.914762
0.312660 0.637378
0.681941 0.519037
0.670922 0.336528
0.872089 0.536876
0.260591 0.437481
0.518719 0.296494
0.665943 0.534835
0.402532 0.019425
0.668229 0.276482
0.434223 0.826389
0.570728 0.815462
0.538033 0.578438
0.551197 0.277787
0.073081 0.926717
0.943603 0.772367
0.991744 0.570114
0.578572 0.860819
0.552480 0.127346
0.570749 0.077741
0.553936 0.218466
0.231348 0.046184
0.737829 0.320532
0.105408 0.968356
0.219994 0.713133
0.485861 0.788245
0.552185 0.361703
0.140259 0.120651
0.291608 0.900038
0.401088 0.120259
0.760822 0.968144
0.216860 0.824707
0.017588 0.037527
0.238717 0.147225
0.922377 0.513261
0.526080 0.617263
0.590688 0.340657
0.994905 0.171616
0.447967 0.564060
0.303402 0.783943
0.566859 0.286295
0.472615 0.487128
0.959671 0.259516
0.173030 0.390828
0.023330 0.901662
0.273460 0.625625
0.389815 0.877476
0.944687 0.755557
0.021926 0.509008
0.337937 0.092424
0.512430 0.187754
0.617016 0.518083
0.194033 0.649049
0.912976 0.875074
0.848312 0.439080
0.591499 0.721267
0.513606 0.155835
0.075693 0.260797
0.135092 0.077553
0.350785 0.561452
0.574636 0.605703
0.192275 0.747732
0.803700 0.544255
0.105342 0.719174
0.939482 0.612971
0.940883 0.085153
0.152657 0.749689
0.162340 0.430169
0.374463 0.695028
0.777484 0.727808
0.161580 0.072687
0.020668 0.706834
0.039132 0.679477
0.973532 0.239539
0.135322 0.981453
0.445997 0.370292
0.945628 0.875990
0.604383 0.431334
0.620135 0.624387
0.029780 0.803228
0.254510 0.485523
0.117367 0.268974
0.283282 0.988365
0.986117 0.583634
0.223495 0.969561
0.358417 0.835433
0.697495 0.472107
0.190375 0.409645
0.875484 0.352035
0.186158 0.883174
0.221678 0.972308
0.713475 0.975594
0.702297 0.676575
0.052368 0.761511
0.419277 0.830177
0.355754 0.709467
0.970528 0.091755
0.177714 0.754192
0.705709 0.236053
0.934300 0.531897
0.445904 0.286984
0.201672 0.112345
0.166265 0.939735
0.327682 0.046861
0.602579 0.251699
0.435534 0.317966
0.735894 0.364203
0.531963 0.824240
0.633755 0.580523
0.097405 0.363081
0.182258 0.470371
0.231912 0.684382
0.830039 0.797030
0.158114 0.079763
0.583495 0.970536
0.641325 0.144846
0.141943 0.418787
0.676914 0.806137
0.242064 0.738175
0.616353 0.439470
0.992938 0.736327
0.755913 0.923542
0.226096 0.511754
0.295742 0.769918
0.659456 0.528701
0.492111 0.050012
0.979660 0.240191
0.771906 0.699871
0.784259 0.188272
0.555972 0.925212
0.693333 0.667646
0.546719 0.852008
0.839575 0.977409
0.275422 0.272006
0.376502 0.005279
0.775950 0.317946
0.606407 0.389732
0.354191 0.169804
0.822785 0.787646
0.556232 0.441282
0.986426 0.838564
0.603392 0.724839
0.909993 0.261379
0.758487 0.883902
0.712846 0.145256
0.315261 0.072545
0.926022 0.903807
0.161696 0.135706
0.776695 0.550023
0.157945 0.997177
0.862106 0.919186
0.890940 0.877917
0.634885 0.217972
0.720256 0.703841
0.864806 0.810175
0.413594 0.860118
0.516488 0.462951
0.085300 0.528075
0.288169 0.372231
0.597611 0.201179
0.393623 0.161896
0.061874 0.618164
0.037449 0.708571
0.585763 0.274228
0.433360 0.082328
0.952549 0.875310
0.145796 0.113361
0.489792 0.585827
0.997052 0.095641
0.987342 0.686846
0.775329 0.920783
0.158332 0.309506
0.503490 0.498866
0.801882 0.237630
0.083984 0.667640
0.522537 0.383803
0.722308 0.917537
0.588973 0.434781
0.649561 0.167157
0.273319 0.334989
0.314016 0.512333
0.802474 0.730914
0.392360 0.341635
0.874083 0.234603
0.683093 0.462154
0.542380 0.381030
0.187823 0.911602
0.162889 0.451986
0.460530 0.946275
0.000030 0.918221
0.610588 0.289133
0.047934 0.111940
0.182237 0.098238
0.592344 0.883334
0.501344 0.272993
0.050258 0.417695
0.979721 0.654153
0.663981 0.093765
0.297930 0.393243
0.697596 0.249314
0.349428 0.268040
0.886346 0.986534
0.322038 0.002989
0.023259 0.697721
0.317182 0.716886
0.732338 0.820785
0.462965 0.464914
